KLEE: 11.40208888053894
CPAchecker: 4.837763071060181