KLEE: 11.561935186386108
CPAchecker: 6.627752780914307