KLEE: 21.514569997787476
CPAchecker: 25.808879137039185