KLEE: 11.252048254013062
CPAchecker: 8.367545127868652