KLEE: 25.36468505859375
CPAchecker: 4.403259992599487