KLEE: 11.53210711479187
CPAchecker: 5.022470951080322