KLEE: 17.666265726089478
CPAchecker: 22.57095217704773