KLEE: 11.243388891220093
CPAchecker: 4.069493770599365