KLEE: 11.808851957321167
CPAchecker: 6.685179948806763